1 0.092578125 0.525 0.01953125 0.09444444444444444
1 0.0734375 0.5229166666666667 0.01875 0.09861111111111111
1 0.20390625 0.5048611111111111 0.0234375 0.10138888888888889
1 0.040234375 0.5270833333333333 0.01953125 0.09027777777777778
1 0.186328125 0.5055555555555555 0.01484375 0.08888888888888889
1 0.216015625 0.50625 0.01640625 0.08472222222222223
1 0.666796875 0.47638888888888886 0.01015625 0.044444444444444446
1 0.784375 0.5048611111111111 0.0234375 0.059722222222222225
1 0.0140625 0.5298611111111111 0.0234375 0.1125
1 0.005078125 0.5256944444444445 0.01015625 0.0875
0 0.392578125 0.46041666666666664 0.02109375 0.02638888888888889
0 0.373046875 0.46805555555555556 0.03671875 0.04722222222222222
0 0.363671875 0.4826388888888889 0.01796875 0.04583333333333333
0 0.340625 0.4826388888888889 0.04375 0.059722222222222225
0 0.315625 0.5 0.040625 0.058333333333333334
0 0.583203125 0.4791666666666667 0.03359375 0.030555555555555555
0 0.6015625 0.4965277777777778 0.0328125 0.04583333333333333
0 0.61875 0.5020833333333333 0.040625 0.05416666666666667
0 0.27421875 0.50625 0.06875 0.08472222222222223
0 0.646484375 0.51875 0.06171875 0.07361111111111111
0 0.478515625 0.6583333333333333 0.29296875 0.4361111111111111
0 0.862109375 0.6534722222222222 0.27421875 0.5208333333333334
