1 0.162890625 0.4673611111111111 0.02109375 0.12083333333333333
1 0.11875 0.4597222222222222 0.025 0.11944444444444445
1 0.09921875 0.4548611111111111 0.0171875 0.1125
1 0.283203125 0.44513888888888886 0.01328125 0.0375
1 0.30625 0.4486111111111111 0.009375 0.044444444444444446
1 0.321484375 0.44375 0.01640625 0.05416666666666667
1 0.9015625 0.5222222222222223 0.046875 0.19722222222222222
0 0.48984375 0.48541666666666666 0.0171875 0.06527777777777778
0 0.47421875 0.47638888888888886 0.0265625 0.10555555555555556
0 0.43984375 0.4777777777777778 0.06875 0.14166666666666666
0 0.39609375 0.48819444444444443 0.1125 0.1763888888888889
0 0.6015625 0.45069444444444445 0.0671875 0.0625
0 0.8453125 0.5041666666666667 0.1671875 0.2388888888888889
0 0.539453125 0.46944444444444444 0.03828125 0.058333333333333334
0 0.633203125 0.5548611111111111 0.16796875 0.22916666666666666
0 0.954296875 0.5368055555555555 0.08984375 0.1736111111111111
